928.5329428691674
673.1000100733567
38.2642897727622
96.57168150473228
866.8944834374008
720.0481144494692
610.3263712385585
338.5376729402043
157.52226458624085
8.52282862435938
272.3631255482224
739.8671544509958
421.9223961266784
976.8385987855875
444.00718856215525
319.51877262826935
186.88585730023843
216.19880943879542
671.7889847667216
440.953653993165
100.0151142256247
535.9777724577068
792.8941117690591
913.6193463262747
571.6886654369936
487.1562885156295
78.59741656413021
931.6310366750877
547.8403240511493
506.5392270206636
761.4561731190392
731.5163136656674
587.6558580754516
665.6721119417583
85.69777356634967
562.8044613656659
671.2662452349043
860.9132466091137
36.838107748385255
808.4045298558265
194.7435103976779
164.9066129561685
204.4184870544712
866.1307868661329
423.18163399231776
974.7399510437723
810.8507786812237
708.3985424370983
267.37161695800063
538.3615713317539
799.7116701689035
874.0268456055306
625.5561786293605
418.3684409285492
18.428828713935253
14.248966726804646
688.9762849714182
461.06706496742913
953.1529930383792
14.445724040478503
548.3982342073724
878.7479831537337
177.7118998020002
143.78026063746853
158.53673765147568
124.40351473865718
663.893239381037
646.8275715307981
218.26549100589233
340.6575918700566
366.9056152922805
684.4558786090885
806.7339832483227
298.4654657983815
47.71785354194436
555.6307032286358
678.9853076369787
906.180333921425
123.07868798180644
687.477175552774
969.396682959607
565.872802879449
444.37050753464325
967.8496901160033
677.2405940236115
881.3282444145798
298.0520885757546
612.8221523062786
715.891259629432
480.93618865967545
593.2972131179216
910.9264475975359
495.67781863346715
8.72477000933991
156.53712181342462
866.6304060481648
980.1118027597748
658.0827431156073
287.96704572829935
977.4607252107457
