906.1932412474952
975.2501860234282
251.67783074484018
122.34066774378205
391.7265211769492
43.44817923142153
168.92572962794418
813.1259865088275
466.0533570587221
573.5570315954111
863.154866999426
866.9868057820496
155.33669375828163
873.5415843523742
565.7384416611533
894.1973275474555
629.5065250986397
146.36097174684483
33.00631458460923
864.0589982511935
575.2044746808136
74.8894872323328
547.9780308250511
411.0972814695967
397.5410887837699
192.41430195051646
484.32228468083326
474.3358412537212
73.20583887332488
108.56487107357937
595.4148396842843
324.36607566339137
478.44704353614964
263.06742208948265
957.9691191481209
26.094237269811416
797.6648080666532
513.5079141694529
547.5644961987196
909.4623007458366
181.8370733603889
528.3250558295398
752.4997594403519
676.1025851002464
170.7253846846375
652.5443643171766
742.7498545433436
356.8005652979038
518.783258822405
641.3035183158886
502.4063496103912
452.80422715677196
971.9171775084669
415.00794863182665
506.8332523236947
243.43213285672917
230.72586690835428
779.9948619928894
479.8713097272691
423.0969364013307
805.5712879177942
879.8730602049179
401.7756576467981
942.7747649132192
719.8102048338975
995.2445685361203
955.1733432693185
174.11486971083656
49.7424182896532
193.30390717172406
894.1784189655174
288.7984593247069
103.30817925031921
243.84878805898936
400.90430934066666
51.41923935550952
634.2936745009929
164.52647738951632
353.9644221242921
61.07255538235978
864.7803268508001
735.6775179116294
575.1535648360201
845.0038387947963
245.8000613687694
333.9293776309683
543.354583591012
107.08130472490795
824.6350099774264
473.7298041907142
768.8156552470729
864.5219352492185
806.9273292379233
517.3001761663952
6.295910608290933
168.2135358005863
402.7406996944285
116.02751474011752
752.177907081415
595.1403895806897
